iter LeCun     label-2D    transfo-1D  label+transfo
0    0.244399  0.24551782  0.24823265  0.49375047
10   0.223697  0.20314113  0.1038448   0.30698593
20   0.177462  0.13805435  0.06785004  0.20590439
30   0.170736  0.10377592  0.06611421  0.16989013
40   0.16701   0.10873791  0.06016991  0.16890782
50   0.174337  0.08160492  0.05521514  0.13682006
60   0.166507  0.08512692  0.04892209  0.13404901
70   0.167071  0.06156572  0.0486057   0.11017142
80   0.15664   0.05541662  0.04465351  0.10007013
90   0.15478   0.05331737  0.04558387  0.09890124
100  0.156679  0.05311226  0.0428227   0.09593496
110  0.163494  0.05592237  0.03876241  0.09468478
120  0.163372  0.05482145  0.04189302  0.09671447
130  0.16176   0.06126965  0.03822294  0.09949259
140  0.164724  0.05315079  0.03816538  0.09131617
150  0.160881  0.04880443  0.03862622  0.08743065
160  0.156157  0.04986174  0.03707285  0.08693459
170  0.162571  0.0506058   0.03614947  0.08675527
180  0.161291  0.05676651  0.03662677  0.09339328
190  0.15981   0.04935012  0.03484426  0.08419438
200  0.161837  0.0462704   0.03483472  0.08110512
210  0.165258  0.04322803  0.03775196  0.08097999
220  0.158124  0.04612421  0.03730915  0.08343336
230  0.152624  0.04428923  0.03434457  0.0786338
240  0.154662  0.04462805  0.03400961  0.07863766
250  0.164658  0.04724425  0.03490471  0.08214896
260  0.160343  0.04360824  0.03350012  0.07710836
270  0.157838  0.04553376  0.03224866  0.07778242
280  0.161179  0.0450869   0.032271    0.0773579
290  0.16527   0.04578317  0.03289695  0.07868012
300  0.161519  0.04319459  0.03288666  0.07608125
